#,"Country,Other",TotalCases,NewCases,TotalDeaths,NewDeaths,TotalRecovered,NewRecovered,ActiveCases,"Serious,Critical",Tot Cases/1M pop,Deaths/1M pop,TotalTests,Tests/  1M pop,Population,Continent,1 Caseevery X ppl,1 Deathevery X ppl,1 Testevery X ppl,New Cases/1M pop,New Deaths/1M pop,Active Cases/1M pop
,North America,127171139,,1639074.0,,123129358.0,280.0,2402707.0,5867.0,,,,,,North America,,,,,,
,Asia,218949334,5.0,1548115.0,,202319262.0,1601.0,15081957.0,15086.0,,,,,,Asia,,,,,,
,Europe,249716113,,2068183.0,,245872085.0,611.0,1775845.0,5476.0,,,,,,Europe,,,,,,
,South America,68875794,,1358694.0,,66501814.0,928.0,1015286.0,10097.0,,,,,,South America,,,,,,
,Oceania,14576931,,29622.0,,14439394.0,,107915.0,73.0,,,,,,Australia/Oceania,,,,,,
,Africa,12833768,,258815.0,,12087902.0,,487051.0,547.0,,,,,,Africa,,,,,,
,,721,,15.0,,706.0,,0.0,0.0,,,,,,,,,,,,
,World,692123800,5.0,6902518.0,0.0,664350521.0,3420.0,20870761.0,37146.0,88793.0,885.5,,,,All,,,,,,
1.0,USA,107478007,,1169629.0,,105607238.0,,701140.0,701.0,321016.0,3493.0,1181029573.0,3527512.0,334805269.0,North America,3.0,286.0,0.0,,,2094.0
2.0,India,44995311,,531915.0,,44461932.0,,1464.0,,31988.0,378.0,930797975.0,661721.0,1406631776.0,Asia,31.0,2644.0,2.0,,,1.0
3.0,France,40138560,,167642.0,,39970918.0,,0.0,869.0,612013.0,2556.0,271490188.0,4139547.0,65584518.0,Europe,2.0,391.0,0.0,,,
4.0,Germany,38428685,,174352.0,,38240600.0,,13733.0,,458119.0,2078.0,122332384.0,1458359.0,83883596.0,Europe,2.0,481.0,1.0,,,164.0
5.0,Brazil,37704598,,704488.0,,36249161.0,,750949.0,,175082.0,3271.0,63776166.0,296146.0,215353593.0,South America,6.0,306.0,3.0,,,3487.0
6.0,Japan,33803572,,74694.0,,,,,83.0,269169.0,595.0,100414883.0,799578.0,125584838.0,Asia,4.0,1681.0,1.0,,,95582.0
7.0,S. Korea,32883134,,35216.0,,32323129.0,,524789.0,126.0,640623.0,686.0,15804065.0,307892.0,51329899.0,Asia,2.0,1458.0,3.0,,,10224.0
8.0,Italy,25908353,,190987.0,,25605377.0,,111989.0,22.0,429923.0,3169.0,274114857.0,4548660.0,60262770.0,Europe,2.0,316.0,0.0,,,1858.0
9.0,UK,24641596,,228144.0,,24411303.0,323.0,2149.0,,359742.0,3331.0,522526476.0,7628357.0,68497907.0,Europe,3.0,300.0,0.0,,,31.0
10.0,Russia,22971107,,399772.0,,22419628.0,,151707.0,,157546.0,2742.0,273400000.0,1875095.0,145805947.0,Europe,6.0,365.0,1.0,,,1040.0
11.0,Turkey,17232066,,102174.0,,,,,,201399.0,1194.0,162743369.0,1902052.0,85561976.0,Asia,5.0,837.0,1.0,,,4024.0
12.0,Spain,13914811,,121760.0,,13762417.0,,30634.0,231.0,297840.0,2606.0,471036328.0,10082298.0,46719142.0,Europe,3.0,384.0,0.0,,,656.0
13.0,Australia,11725283,,22157.0,,11697166.0,,5960.0,45.0,449782.0,850.0,81916639.0,3142326.0,26068792.0,Australia/Oceania,2.0,1177.0,0.0,,,229.0
14.0,Vietnam,11621681,,43206.0,,10640304.0,,938171.0,2.0,117446.0,437.0,85826548.0,867342.0,98953541.0,Asia,9.0,2290.0,1.0,,,9481.0
15.0,Taiwan,10241506,,19005.0,,10222497.0,,4.0,,428719.0,796.0,30742304.0,1286903.0,23888595.0,Asia,2.0,1257.0,1.0,,,0.2
16.0,Argentina,10057945,,130527.0,,9927418.0,,0.0,363.0,218602.0,2837.0,35716069.0,776264.0,46010234.0,South America,5.0,352.0,1.0,,,
17.0,Netherlands,8610372,,22992.0,,8587380.0,,0.0,53.0,500270.0,1336.0,25984435.0,1509718.0,17211447.0,Europe,2.0,749.0,1.0,,,
18.0,Mexico,7633355,,334336.0,,6885378.0,,413641.0,,58021.0,2541.0,20013810.0,152124.0,131562772.0,North America,17.0,394.0,7.0,,,3144.0
19.0,Iran,7612734,,146304.0,,7371038.0,,95392.0,6.0,88497.0,1701.0,56934517.0,661854.0,86022837.0,Asia,11.0,588.0,2.0,,,1109.0
20.0,Indonesia,6812670,,161894.0,,6645399.0,,5377.0,,24406.0,580.0,114158919.0,408975.0,279134505.0,Asia,41.0,1724.0,2.0,,,19.0
21.0,Poland,6518093,,119632.0,,5335940.0,,1062521.0,53.0,172711.0,3170.0,38805048.0,1028227.0,37739785.0,Europe,6.0,315.0,1.0,,,28154.0
22.0,Colombia,6375407,,142892.0,,6190683.0,,41832.0,342.0,123764.0,2774.0,36951507.0,717327.0,51512762.0,South America,8.0,361.0,1.0,,,812.0
23.0,Greece,6101379,,37089.0,,6064290.0,,0.0,115.0,591412.0,3595.0,102228365.0,9909078.0,10316637.0,Europe,2.0,278.0,0.0,,,
24.0,Austria,6081287,,22542.0,,6054934.0,,3811.0,14.0,670727.0,2486.0,211273524.0,23302116.0,9066710.0,Europe,1.0,402.0,0.0,,,420.0
25.0,Portugal,5595211,,26957.0,,5565453.0,,2801.0,61.0,551765.0,2658.0,46139518.0,4549993.0,10140570.0,Europe,2.0,376.0,0.0,,,276.0
26.0,Ukraine,5557995,,112418.0,,5445577.0,,0.0,,128681.0,2603.0,32603805.0,754855.0,43192122.0,Europe,8.0,384.0,1.0,,,
27.0,Chile,5288836,,64497.0,,5224267.0,,72.0,7.0,274742.0,3350.0,49880087.0,2591147.0,19250195.0,South America,4.0,298.0,0.0,,,4.0
28.0,Malaysia,5119647,,37163.0,,5068858.0,,13626.0,20.0,154294.0,1120.0,68376501.0,2060708.0,33181072.0,Asia,6.0,893.0,0.0,,,411.0
29.0,Israel,4830203,,12581.0,,4798473.0,,19149.0,21.0,517929.0,1349.0,41373364.0,4436346.0,9326000.0,Asia,2.0,741.0,0.0,,,2053.0
30.0,Belgium,4802299,,34376.0,,4767147.0,,776.0,43.0,411569.0,2946.0,37018657.0,3172590.0,11668278.0,Europe,2.0,339.0,0.0,,,67.0
31.0,DPRK,4772813,,74.0,,4772739.0,,0.0,,183636.0,3.0,,,25990679.0,Asia,5.0,351225.0,,,,
32.0,Thailand,4754784,,34418.0,,4692636.0,,27730.0,,67850.0,491.0,17270775.0,246450.0,70078203.0,Asia,15.0,2036.0,4.0,,,396.0
33.0,Canada,4693798,,53063.0,,4635767.0,280.0,4968.0,99.0,122271.0,1382.0,66343123.0,1728207.0,38388419.0,North America,8.0,723.0,1.0,,,129.0
34.0,Czechia,4642949,,42812.0,,4599994.0,,143.0,1.0,432434.0,3987.0,57240446.0,5331247.0,10736784.0,Europe,2.0,251.0,0.0,,,13.0
35.0,Peru,4515610,,221261.0,,4294349.0,928.0,0.0,26.0,134057.0,6569.0,38753114.0,1150483.0,33684208.0,South America,7.0,152.0,1.0,,,
36.0,Switzerland,4407385,,14452.0,,4392357.0,,576.0,39.0,502344.0,1647.0,23833472.0,2716487.0,8773637.0,Europe,2.0,607.0,0.0,,,66.0
37.0,Philippines,4171618,,66542.0,,4099955.0,,5121.0,162.0,37078.0,591.0,35584121.0,316278.0,112508994.0,Asia,27.0,1691.0,3.0,,,46.0
38.0,South Africa,4076463,,102595.0,,3912506.0,,61362.0,192.0,67095.0,1689.0,26795090.0,441027.0,60756135.0,Africa,15.0,592.0,2.0,,,1010.0
39.0,Romania,3408885,,68246.0,,3339749.0,,890.0,42.0,179120.0,3586.0,27730808.0,1457113.0,19031335.0,Europe,6.0,279.0,1.0,,,47.0
40.0,Denmark,3182413,,8765.0,,3173554.0,,94.0,4.0,545405.0,1502.0,129309619.0,22161221.0,5834950.0,Europe,2.0,666.0,0.0,,,16.0
41.0,Hong Kong,2915068,,13819.0,,2897322.0,1658.0,3927.0,28.0,383345.0,1817.0,76127725.0,10011143.0,7604299.0,Asia,3.0,550.0,0.0,,,516.0
42.0,Sweden,2712743,,24536.0,,2687770.0,,437.0,8.0,265461.0,2401.0,19500873.0,1908301.0,10218971.0,Europe,4.0,416.0,1.0,,,43.0
43.0,Serbia,2544538,,18057.0,,2526171.0,227.0,310.0,,294064.0,2087.0,13037903.0,1506747.0,8653016.0,Europe,3.0,479.0,1.0,,,36.0
44.0,Singapore,2518281,,1841.0,,2149583.0,,366857.0,2.0,423700.0,310.0,24756666.0,4165302.0,5943546.0,Asia,2.0,3228.0,0.0,,,61724.0
45.0,Iraq,2465545,,25375.0,,2439497.0,,673.0,21.0,58474.0,602.0,19544451.0,463523.0,42164965.0,Asia,17.0,1662.0,2.0,,,16.0
46.0,New Zealand,2433293,,4609.0,,2426363.0,,2321.0,,496773.0,941.0,7768604.0,1586011.0,4898203.0,Australia/Oceania,2.0,1063.0,1.0,,,474.0
47.0,Hungary,2203222,,48881.0,,2152155.0,,2186.0,2.0,229353.0,5088.0,11394556.0,1186160.0,9606259.0,Europe,4.0,197.0,1.0,,,228.0
48.0,Bangladesh,2043730,,29465.0,,1998448.0,,15817.0,,12173.0,176.0,15254399.0,90862.0,167885689.0,Asia,82.0,5698.0,11.0,,,94.0
49.0,Slovakia,1866857,,21167.0,,1845690.0,,0.0,3.0,341903.0,3877.0,7432749.0,1361261.0,5460193.0,Europe,3.0,258.0,1.0,,,
50.0,Georgia,1845538,,17101.0,,1776548.0,,51889.0,,465019.0,4309.0,16920079.0,4263340.0,3968738.0,Asia,2.0,232.0,0.0,,,13074.0
51.0,Jordan,1746997,,14122.0,,1731007.0,,1868.0,59.0,169597.0,1371.0,17201885.0,1669945.0,10300869.0,Asia,6.0,729.0,1.0,,,181.0
52.0,Ireland,1714111,,9085.0,,1704528.0,,498.0,19.0,341443.0,1810.0,13083449.0,2606161.0,5020199.0,Europe,3.0,553.0,0.0,,,99.0
53.0,Pakistan,1581304,,30661.0,,1538689.0,,11954.0,1.0,6891.0,134.0,30571377.0,133215.0,229488994.0,Asia,145.0,7485.0,8.0,,,52.0
54.0,Norway,1486048,,5600.0,,1480375.0,,73.0,20.0,269633.0,1016.0,11002430.0,1996315.0,5511370.0,Europe,4.0,984.0,1.0,,,13.0
55.0,Finland,1483034,,10068.0,,1472483.0,62.0,483.0,21.0,266975.0,1812.0,12101220.0,2178453.0,5554960.0,Europe,4.0,552.0,0.0,,,87.0
56.0,Kazakhstan,1411831,,13848.0,,1383020.0,,14963.0,24.0,73514.0,721.0,11575012.0,602707.0,19205043.0,Asia,14.0,1387.0,2.0,,,779.0
57.0,Slovenia,1344294,,7100.0,,1337079.0,,115.0,8.0,646907.0,3417.0,2847701.0,1370382.0,2078034.0,Europe,2.0,293.0,1.0,,,55.0
58.0,Lithuania,1321750,,9693.0,,1311787.0,,270.0,,496580.0,3642.0,10468291.0,3932922.0,2661708.0,Europe,2.0,275.0,0.0,,,101.0
59.0,Bulgaria,1309558,,38440.0,,1269710.0,,1408.0,12.0,191327.0,5616.0,11301375.0,1651138.0,6844597.0,Europe,5.0,178.0,1.0,,,206.0
60.0,Morocco,1275224,,16297.0,,1256151.0,,2776.0,3.0,33760.0,431.0,13001033.0,344191.0,37772756.0,Africa,30.0,2318.0,3.0,,,73.0
61.0,Croatia,1274068,,18281.0,,1255638.0,,149.0,6.0,313865.0,4504.0,5617442.0,1383850.0,4059286.0,Europe,3.0,222.0,1.0,,,37.0
62.0,Guatemala,1269083,,20224.0,,1243351.0,,5508.0,5.0,68289.0,1088.0,7548069.0,406159.0,18584039.0,North America,15.0,919.0,2.0,,,296.0
63.0,Lebanon,1238552,,10936.0,,1087587.0,,140029.0,74.0,185277.0,1636.0,4795578.0,717380.0,6684849.0,Asia,5.0,611.0,1.0,,,20947.0
64.0,Costa Rica,1238243,,9411.0,,860711.0,,368121.0,52.0,238934.0,1816.0,4659757.0,899158.0,5182354.0,North America,4.0,551.0,1.0,,,71034.0
65.0,Bolivia,1205991,,22399.0,,1173875.0,,9717.0,220.0,100561.0,1868.0,2710261.0,225993.0,11992656.0,South America,10.0,535.0,4.0,,,810.0
66.0,Tunisia,1153361,,29423.0,,,,,44.0,95741.0,2442.0,5013383.0,416164.0,12046656.0,Africa,10.0,409.0,2.0,,,1157.0
67.0,Cuba,1115043,,8530.0,,1106428.0,,85.0,2.0,98627.0,754.0,14345940.0,1268918.0,11305652.0,North America,10.0,1325.0,1.0,,,8.0
68.0,Ecuador,1067327,,36034.0,,1031293.0,,0.0,759.0,58925.0,1989.0,3082403.0,170173.0,18113361.0,South America,17.0,503.0,6.0,,,
69.0,UAE,1067030,,2349.0,,1054525.0,,10156.0,,105837.0,233.0,200732262.0,19910389.0,10081785.0,Asia,9.0,4292.0,0.0,,,1007.0
70.0,Panama,1047000,,8650.0,,1037928.0,,422.0,16.0,235442.0,1945.0,7763480.0,1745793.0,4446964.0,North America,4.0,514.0,1.0,,,95.0
71.0,Uruguay,1038774,,7634.0,,1030944.0,,196.0,18.0,297131.0,2184.0,6114822.0,1749083.0,3496016.0,South America,3.0,458.0,1.0,,,56.0
72.0,Mongolia,1010944,,2179.0,,1007855.0,,910.0,192.0,299266.0,645.0,4030048.0,1193000.0,3378078.0,Asia,3.0,1550.0,1.0,,,269.0
73.0,Nepal,1003374,,12031.0,,991322.0,,21.0,,33196.0,398.0,6047766.0,200088.0,30225582.0,Asia,30.0,2512.0,5.0,,,0.7
74.0,Belarus,994037,,7118.0,,985592.0,,1327.0,,105381.0,755.0,13646641.0,1446722.0,9432800.0,Europe,9.0,1325.0,1.0,,,141.0
75.0,Latvia,978239,,6389.0,,971406.0,,444.0,13.0,529110.0,3456.0,7878733.0,4261454.0,1848837.0,Europe,2.0,289.0,0.0,,,240.0
76.0,Saudi Arabia,841469,,9646.0,,827923.0,,3900.0,66.0,23475.0,269.0,45481735.0,1268848.0,35844909.0,Asia,43.0,3716.0,1.0,,,109.0
77.0,Azerbaijan,831983,,10288.0,,821673.0,,22.0,,80773.0,999.0,7655305.0,743219.0,10300205.0,Asia,12.0,1001.0,1.0,,,2.0
78.0,Paraguay,812667,,19979.0,,,,,7.0,111235.0,2735.0,2657506.0,363751.0,7305843.0,South America,9.0,366.0,3.0,,,12917.0
79.0,Bahrain,723236,,1567.0,,721483.0,,186.0,1.0,405405.0,878.0,10886411.0,6102306.0,1783983.0,Asia,2.0,1138.0,0.0,,,104.0
80.0,Sri Lanka,672563,,16880.0,,655678.0,,5.0,,31172.0,782.0,6486117.0,300619.0,21575842.0,Asia,32.0,1278.0,3.0,,,0.2
81.0,Kuwait,666005,,2570.0,,660237.0,,3198.0,,152045.0,587.0,8455743.0,1930391.0,4380326.0,Asia,7.0,1704.0,1.0,,,730.0
82.0,Dominican Republic,664120,,4384.0,,644785.0,,14951.0,4.0,60067.0,397.0,3740928.0,338350.0,11056370.0,North America,17.0,2522.0,3.0,,,1352.0
83.0,Cyprus,660854,,1364.0,,659490.0,,0.0,60.0,540184.0,1115.0,9640118.0,7879860.0,1223387.0,Asia,2.0,897.0,0.0,,,
84.0,Myanmar,640977,,19494.0,,619772.0,,1711.0,,11606.0,353.0,10988749.0,198974.0,55227143.0,Asia,86.0,2833.0,5.0,,,31.0
85.0,Palestine,621008,,5404.0,,615445.0,,159.0,17.0,116173.0,1011.0,3078533.0,575907.0,5345541.0,Asia,9.0,989.0,2.0,,,30.0
86.0,Moldova,620775,,12125.0,,504142.0,,104508.0,49.0,154684.0,3021.0,3216305.0,801437.0,4013171.0,Europe,6.0,331.0,1.0,,,26041.0
87.0,Estonia,619372,,3001.0,,524990.0,,91381.0,2.0,468543.0,2270.0,3727296.0,2819629.0,1321910.0,Europe,2.0,440.0,0.0,,,69128.0
88.0,Venezuela,552695,,5856.0,,546537.0,,302.0,31.0,18885.0,200.0,3359014.0,114771.0,29266991.0,South America,53.0,4998.0,9.0,,,10.0
89.0,Egypt,516023,,24613.0,,442182.0,,49228.0,122.0,4861.0,232.0,3693367.0,34792.0,106156692.0,Africa,206.0,4313.0,29.0,,,464.0
90.0,Qatar,514524,,690.0,,513687.0,,147.0,16.0,172664.0,232.0,4065369.0,1364257.0,2979915.0,Asia,6.0,4319.0,1.0,,,49.0
91.0,Libya,507266,,6437.0,,500829.0,,0.0,,72047.0,914.0,2483848.0,352782.0,7040745.0,Africa,14.0,1094.0,3.0,,,
92.0,Ethiopia,500946,,7574.0,,488159.0,,5213.0,,4146.0,63.0,5559843.0,46020.0,120812698.0,Africa,241.0,15951.0,22.0,,,43.0
93.0,Réunion,486588,,921.0,,418572.0,,67095.0,10.0,535854.0,1014.0,1603660.0,1766027.0,908061.0,Africa,2.0,986.0,1.0,,,73888.0
94.0,Honduras,472619,,11116.0,,,,,105.0,46239.0,1088.0,1660662.0,162472.0,10221247.0,North America,22.0,920.0,6.0,,,32184.0
95.0,Armenia,449263,,8751.0,,435162.0,,5350.0,,151167.0,2945.0,3242901.0,1091164.0,2971966.0,Asia,7.0,340.0,1.0,,,1800.0
96.0,Bosnia and Herzegovina,403052,,16352.0,,379084.0,,7616.0,,124042.0,5032.0,1884721.0,580036.0,3249317.0,Europe,8.0,199.0,2.0,,,2344.0
97.0,Oman,399449,,4628.0,,384669.0,,10152.0,2.0,75028.0,869.0,25000000.0,4695724.0,5323993.0,Asia,13.0,1150.0,0.0,,,1907.0
98.0,North Macedonia,348335,,9677.0,,337068.0,,1590.0,,167364.0,4649.0,2226216.0,1069626.0,2081304.0,Europe,6.0,215.0,1.0,,,764.0
99.0,Zambia,347022,,4062.0,,341316.0,,1644.0,,17823.0,209.0,4112961.0,211244.0,19470234.0,Africa,56.0,4793.0,5.0,,,84.0
100.0,Kenya,343898,,5689.0,,337309.0,,900.0,1.0,6118.0,101.0,3967062.0,70569.0,56215221.0,Africa,163.0,9881.0,14.0,,,16.0
101.0,Albania,334726,,3602.0,,329428.0,,1696.0,,116777.0,1257.0,1941032.0,677173.0,2866374.0,Europe,9.0,796.0,1.0,,,592.0
102.0,Botswana,330077,,2801.0,,327049.0,,227.0,1.0,135213.0,1147.0,2026898.0,830300.0,2441162.0,Africa,7.0,872.0,1.0,,,93.0
103.0,Luxembourg,319959,,1232.0,,316690.0,,2037.0,,498091.0,1918.0,4587145.0,7140959.0,642371.0,Europe,2.0,521.0,0.0,,,3171.0
104.0,Brunei,309561,,225.0,,243601.0,,65735.0,3.0,694970.0,505.0,717784.0,1611437.0,445431.0,Asia,1.0,1980.0,1.0,,,147576.0
105.0,Montenegro,291952,,2828.0,,288658.0,,466.0,6.0,464929.0,4504.0,2762608.0,4399408.0,627950.0,Europe,2.0,222.0,0.0,,,742.0
106.0,Algeria,271852,,6881.0,,183061.0,,81910.0,,5995.0,152.0,230960.0,5093.0,45350148.0,Africa,167.0,6591.0,196.0,,,1806.0
107.0,Nigeria,266675,,3155.0,,259953.0,,3567.0,11.0,1230.0,15.0,5708974.0,26339.0,216746934.0,Africa,813.0,68700.0,38.0,,,16.0
108.0,Zimbabwe,265666,,5711.0,,258888.0,,1067.0,12.0,17328.0,373.0,2525756.0,164744.0,15331428.0,Africa,58.0,2685.0,6.0,,,70.0
109.0,Uzbekistan,253662,,1637.0,,241486.0,,10539.0,23.0,7378.0,48.0,1377915.0,40077.0,34382084.0,Asia,136.0,21003.0,25.0,,,307.0
110.0,Mozambique,233417,,2243.0,,228805.0,,2369.0,11.0,7054.0,68.0,1371127.0,41437.0,33089461.0,Africa,142.0,14752.0,24.0,,,72.0
111.0,Martinique,230354,,1102.0,,,,,12.0,615777.0,2946.0,828928.0,2215870.0,374087.0,North America,2.0,339.0,0.0,,,612553.0
112.0,Afghanistan,224083,,7934.0,,203968.0,,12181.0,45.0,5498.0,195.0,1282550.0,31470.0,40754388.0,Asia,182.0,5137.0,32.0,,,299.0
113.0,Laos,218708,5.0,758.0,,,,,,29235.0,101.0,1233207.0,164845.0,7481023.0,Asia,34.0,9869.0,6.0,0.7,,28110.0
114.0,Iceland,209191,,229.0,,,,,2.0,605661.0,663.0,1996384.0,5780036.0,345393.0,Europe,2.0,1508.0,0.0,,,385871.0
115.0,Kyrgyzstan,206897,,2991.0,,196406.0,,7500.0,131.0,30750.0,445.0,1907195.0,283460.0,6728271.0,Asia,33.0,2250.0,4.0,,,1115.0
116.0,Guadeloupe,203235,,1021.0,,,,,19.0,508349.0,2554.0,938039.0,2346306.0,399794.0,North America,2.0,392.0,0.0,,,500168.0
117.0,El Salvador,201785,,4230.0,,179410.0,,18145.0,8.0,30805.0,646.0,2610114.0,398467.0,6550389.0,North America,32.0,1549.0,3.0,,,2770.0
118.0,Trinidad and Tobago,191496,,4390.0,,187078.0,,28.0,8.0,136143.0,3121.0,913289.0,649295.0,1406585.0,North America,7.0,320.0,2.0,,,20.0
119.0,Maldives,186687,,316.0,,163687.0,,22684.0,25.0,345087.0,584.0,2213831.0,4092223.0,540985.0,Asia,3.0,1712.0,0.0,,,41931.0
120.0,Namibia,171998,,4098.0,,167099.0,,801.0,,65302.0,1556.0,1062663.0,403460.0,2633874.0,Africa,15.0,643.0,2.0,,,304.0
121.0,Ghana,171740,,1462.0,,170255.0,,23.0,2.0,5301.0,45.0,2538052.0,78346.0,32395450.0,Africa,189.0,22158.0,13.0,,,0.7
122.0,Uganda,171729,,3632.0,,100431.0,,67666.0,3.0,3546.0,75.0,3012408.0,62198.0,48432863.0,Africa,282.0,13335.0,16.0,,,1397.0
123.0,Jamaica,155455,,3586.0,,103032.0,,48837.0,,52077.0,1201.0,1183986.0,396633.0,2985094.0,North America,19.0,832.0,3.0,,,16360.0
124.0,Cambodia,138937,,3056.0,,135879.0,,2.0,,8092.0,178.0,3091420.0,180062.0,17168639.0,Asia,124.0,5618.0,6.0,,,0.1
125.0,Rwanda,133194,,1468.0,,131647.0,,79.0,,9793.0,108.0,6021981.0,442778.0,13600464.0,Africa,102.0,9265.0,2.0,,,6.0
126.0,Cameroon,125090,,1974.0,,122807.0,,309.0,13.0,4482.0,71.0,1751774.0,62762.0,27911548.0,Africa,223.0,14140.0,16.0,,,11.0
127.0,Malta,119225,,848.0,,117796.0,,581.0,4.0,268505.0,1910.0,2143934.0,4828321.0,444033.0,Europe,4.0,524.0,0.0,,,1308.0
128.0,Barbados,109276,,612.0,,108282.0,,382.0,,379400.0,2125.0,801451.0,2782594.0,288023.0,North America,3.0,471.0,0.0,,,1326.0
129.0,Angola,105384,,1934.0,,103419.0,,31.0,,3009.0,55.0,1499795.0,42818.0,35027343.0,Africa,332.0,18111.0,23.0,,,0.9
130.0,Channel Islands,101717,,228.0,,101321.0,,168.0,,576421.0,1292.0,1252808.0,7099551.0,176463.0,Europe,2.0,774.0,0.0,,,952.0
131.0,French Guiana,98041,,420.0,,11254.0,,86367.0,6.0,312065.0,1337.0,651257.0,2072951.0,314169.0,South America,3.0,748.0,0.0,,,274906.0
132.0,DRC,97697,,1468.0,,84489.0,,11740.0,,1026.0,15.0,846704.0,8890.0,95240792.0,Africa,975.0,64878.0,112.0,,,123.0
133.0,Senegal,89008,,1971.0,,87024.0,,13.0,,5042.0,112.0,1146543.0,64946.0,17653671.0,Africa,198.0,8957.0,15.0,,,0.7
134.0,Malawi,88791,,2686.0,,85651.0,,454.0,67.0,4400.0,133.0,624784.0,30959.0,20180839.0,Africa,227.0,7513.0,32.0,,,22.0
135.0,Ivory Coast,88338,,835.0,,87497.0,,6.0,,3184.0,30.0,1690934.0,60951.0,27742298.0,Africa,314.0,33224.0,16.0,,,0.2
136.0,Suriname,82588,,1408.0,,,,,,138378.0,2359.0,242207.0,405822.0,596831.0,South America,7.0,424.0,2.0,,,52623.0
137.0,New Caledonia,79922,,314.0,,79605.0,,3.0,9.0,274726.0,1079.0,98964.0,340182.0,290915.0,Australia/Oceania,4.0,926.0,3.0,,,10.0
138.0,French Polynesia,78615,,649.0,,,,,7.0,276654.0,2284.0,,,284164.0,Australia/Oceania,4.0,438.0,,,,156480.0
139.0,Eswatini,74882,,1427.0,,73116.0,,339.0,,63201.0,1204.0,1048704.0,885119.0,1184817.0,Africa,16.0,830.0,1.0,,,286.0
140.0,Guyana,73385,,1299.0,,72013.0,,73.0,,92419.0,1636.0,733218.0,923396.0,794045.0,South America,11.0,611.0,1.0,,,92.0
141.0,Belize,70782,,688.0,,70085.0,,9.0,6.0,171722.0,1669.0,576016.0,1397453.0,412190.0,North America,6.0,599.0,1.0,,,22.0
142.0,Fiji,69117,,885.0,,67226.0,,1006.0,,75997.0,973.0,672883.0,739866.0,909466.0,Australia/Oceania,13.0,1028.0,1.0,,,1106.0
143.0,Madagascar,68289,,1425.0,,66862.0,,2.0,,2340.0,49.0,531329.0,18210.0,29178077.0,Africa,427.0,20476.0,55.0,,,0.07
144.0,Cabo Verde,64182,,414.0,,63700.0,,68.0,23.0,113061.0,729.0,401622.0,707482.0,567678.0,Africa,9.0,1371.0,1.0,,,120.0
145.0,Sudan,63993,,5046.0,,58807.0,,140.0,,1391.0,110.0,562941.0,12240.0,45992020.0,Africa,719.0,9115.0,82.0,,,3.0
146.0,Mauritania,63715,,997.0,,62471.0,,247.0,,12998.0,203.0,1009957.0,206030.0,4901981.0,Africa,77.0,4917.0,5.0,,,50.0
147.0,Bhutan,62690,,21.0,,61564.0,,1105.0,,79562.0,27.0,2303734.0,2923739.0,787941.0,Asia,13.0,37521.0,0.0,,,1402.0
148.0,Syria,57689,,3165.0,,54524.0,,0.0,,2979.0,163.0,146269.0,7553.0,19364809.0,Asia,336.0,6118.0,132.0,,,
149.0,Burundi,54229,,38.0,,53569.0,,622.0,,4295.0,3.0,345742.0,27386.0,12624840.0,Africa,233.0,332233.0,37.0,,,49.0
150.0,Seychelles,50937,,172.0,,50750.0,,15.0,,512311.0,1730.0,,,99426.0,Africa,2.0,578.0,,,,151.0
151.0,Gabon,48992,,307.0,,48674.0,,11.0,,21013.0,132.0,1621909.0,695641.0,2331533.0,Africa,48.0,7595.0,1.0,,,5.0
152.0,Andorra,48015,,165.0,,47563.0,,287.0,14.0,619844.0,2130.0,249838.0,3225256.0,77463.0,Europe,2.0,469.0,0.0,,,3705.0
153.0,Papua New Guinea,46864,,670.0,,43982.0,,2212.0,7.0,5043.0,72.0,249149.0,26813.0,9292169.0,Australia/Oceania,198.0,13869.0,37.0,,,238.0
154.0,Curaçao,45986,,295.0,,44720.0,,971.0,3.0,277812.0,1782.0,496693.0,3000640.0,165529.0,North America,4.0,561.0,0.0,,,5866.0
155.0,Aruba,44224,,292.0,,42438.0,,1494.0,2.0,410969.0,2714.0,177885.0,1653068.0,107609.0,North America,2.0,369.0,1.0,,,13884.0
156.0,Tanzania,43078,,846.0,,,,,7.0,681.0,13.0,,,63298550.0,Africa,1469.0,74821.0,,,,664.0
157.0,Mauritius,42762,,1051.0,,41034.0,,677.0,,33546.0,824.0,358675.0,281374.0,1274727.0,Africa,30.0,1213.0,4.0,,,531.0
158.0,Mayotte,42027,,188.0,,,,,,146815.0,657.0,176919.0,618038.0,286259.0,Africa,7.0,1523.0,2.0,,,135804.0
159.0,Togo,39510,,290.0,,39216.0,,4.0,,4551.0,33.0,812881.0,93641.0,8680837.0,Africa,220.0,29934.0,11.0,,,0.5
160.0,Guinea,38563,,468.0,,37757.0,,338.0,8.0,2781.0,34.0,660107.0,47607.0,13865691.0,Africa,360.0,29628.0,21.0,,,24.0
161.0,Bahamas,38084,,844.0,,36366.0,,874.0,1.0,95087.0,2107.0,257839.0,643767.0,400516.0,North America,11.0,475.0,2.0,,,2182.0
162.0,Isle of Man,38008,,116.0,,,,,,443335.0,1353.0,150753.0,1758422.0,85732.0,Europe,2.0,739.0,1.0,,,129450.0
163.0,Lesotho,34790,,723.0,,25980.0,,8087.0,,15990.0,332.0,431221.0,198199.0,2175699.0,Africa,63.0,3009.0,5.0,,,3717.0
164.0,Faeroe Islands,34658,,28.0,,,,,5.0,703959.0,569.0,778000.0,15802409.0,49233.0,Europe,1.0,1758.0,0.0,,,547133.0
165.0,Haiti,34306,,860.0,,33372.0,,74.0,,2937.0,74.0,132422.0,11337.0,11680283.0,North America,340.0,13582.0,88.0,,,6.0
166.0,Mali,33151,,743.0,,32332.0,,76.0,,1544.0,35.0,804909.0,37483.0,21473764.0,Africa,648.0,28901.0,27.0,,,4.0
167.0,Cayman Islands,31472,,37.0,,8553.0,,22882.0,1.0,467797.0,550.0,222773.0,3311280.0,67277.0,North America,2.0,1818.0,0.0,,,340116.0
168.0,Saint Lucia,30052,,409.0,,29095.0,,548.0,,162344.0,2209.0,210983.0,1139752.0,185113.0,North America,6.0,453.0,1.0,,,2960.0
169.0,Benin,28014,,163.0,,27847.0,,4.0,,2191.0,13.0,604310.0,47268.0,12784726.0,Africa,456.0,78434.0,21.0,,,0.3
170.0,Somalia,27334,,1361.0,,13182.0,,12791.0,,1623.0,81.0,400466.0,23778.0,16841795.0,Africa,616.0,12375.0,42.0,,,759.0
171.0,Micronesia,26462,,65.0,,,,,1.0,225230.0,553.0,82430.0,701598.0,117489.0,Australia/Oceania,4.0,1808.0,1.0,,,161547.0
172.0,Congo,25375,,386.0,,24006.0,,983.0,,4377.0,67.0,347815.0,59991.0,5797805.0,Africa,228.0,15020.0,17.0,,,170.0
173.0,Solomon Islands,24575,,153.0,,,,,1.0,34077.0,212.0,,,721159.0,Australia/Oceania,29.0,4713.0,,,,11183.0
174.0,San Marino,24349,,125.0,,24219.0,,5.0,4.0,714361.0,3667.0,196855.0,5775414.0,34085.0,Europe,1.0,273.0,0.0,,,147.0
175.0,Timor-Leste,23460,,138.0,,23102.0,,220.0,,17131.0,101.0,278529.0,203391.0,1369429.0,Asia,58.0,9923.0,5.0,,,161.0
176.0,Burkina Faso,22056,,396.0,,21596.0,,64.0,,998.0,18.0,248995.0,11265.0,22102838.0,Africa,1002.0,55815.0,89.0,,,3.0
177.0,Liechtenstein,21473,,94.0,,21352.0,,27.0,,559382.0,2449.0,112457.0,2929559.0,38387.0,Europe,2.0,408.0,0.0,,,703.0
178.0,Gibraltar,20550,,113.0,,16579.0,,3858.0,,609720.0,3353.0,534283.0,15852213.0,33704.0,Europe,2.0,298.0,0.0,,,114467.0
179.0,Grenada,19693,,238.0,,19358.0,,97.0,4.0,173545.0,2097.0,182981.0,1612523.0,113475.0,North America,6.0,477.0,1.0,,,855.0
180.0,Bermuda,18860,,165.0,,18685.0,,10.0,,304493.0,2664.0,1029558.0,16622128.0,61939.0,North America,3.0,375.0,0.0,,,161.0
181.0,Nicaragua,18491,,225.0,,4225.0,,14041.0,,2728.0,33.0,,,6779100.0,North America,367.0,30129.0,,,,2071.0
182.0,South Sudan,18368,,138.0,,18115.0,,115.0,1.0,1581.0,12.0,410280.0,35313.0,11618511.0,Africa,633.0,84192.0,28.0,,,10.0
183.0,Tajikistan,17786,,125.0,,17264.0,,397.0,,1786.0,13.0,,,9957464.0,Asia,560.0,79660.0,,,,40.0
184.0,Equatorial Guinea,17229,,183.0,,16907.0,,139.0,5.0,11512.0,122.0,365697.0,244342.0,1496662.0,Africa,87.0,8178.0,4.0,,,93.0
185.0,Monaco,16848,,67.0,,15992.0,,789.0,4.0,423497.0,1684.0,78646.0,1976875.0,39783.0,Europe,2.0,594.0,1.0,,,19833.0
186.0,Tonga,16819,,13.0,,15638.0,,1168.0,,156094.0,121.0,535009.0,4965327.0,107749.0,Australia/Oceania,6.0,8288.0,0.0,,,10840.0
187.0,Samoa,16775,,31.0,,1605.0,,15139.0,,82946.0,153.0,187397.0,926612.0,202239.0,Australia/Oceania,12.0,6524.0,1.0,,,74857.0
188.0,Marshall Islands,16098,,17.0,,16079.0,,2.0,,268045.0,283.0,,,60057.0,Australia/Oceania,4.0,3533.0,,,,33.0
189.0,Dominica,15760,,74.0,,15673.0,,13.0,,217848.0,1023.0,229344.0,3170187.0,72344.0,North America,5.0,978.0,0.0,,,180.0
190.0,Djibouti,15690,,189.0,,15427.0,,74.0,,15441.0,186.0,305941.0,301094.0,1016097.0,Africa,65.0,5376.0,3.0,,,73.0
191.0,CAR,15368,,113.0,,15200.0,,55.0,2.0,3063.0,23.0,81294.0,16205.0,5016678.0,Africa,326.0,44395.0,62.0,,,11.0
192.0,Macao,12663,,123.0,,3487.0,,9053.0,,18971.0,184.0,7850.0,11760.0,667490.0,Asia,53.0,5427.0,85.0,,,13563.0
193.0,Gambia,12626,,372.0,,12189.0,,65.0,,4935.0,145.0,155686.0,60851.0,2558482.0,Africa,203.0,6878.0,16.0,,,25.0
194.0,Saint Martin,12324,,63.0,,1399.0,,10862.0,7.0,310194.0,1586.0,112382.0,2828643.0,39730.0,North America,3.0,631.0,0.0,,,273395.0
195.0,Vanuatu,12019,,14.0,,11976.0,,29.0,,37346.0,44.0,24976.0,77606.0,321832.0,Australia/Oceania,27.0,22988.0,13.0,,,90.0
196.0,Greenland,11971,,21.0,,2761.0,,9189.0,4.0,210117.0,369.0,164926.0,2894810.0,56973.0,North America,5.0,2713.0,0.0,,,161287.0
197.0,Yemen,11945,,2159.0,,9124.0,,662.0,23.0,383.0,69.0,329592.0,10579.0,31154867.0,Asia,2608.0,14430.0,95.0,,,21.0
198.0,Caribbean Netherlands,11682,,38.0,,10476.0,,1168.0,,438398.0,1426.0,30126.0,1130559.0,26647.0,North America,2.0,701.0,1.0,,,43832.0
199.0,Sint Maarten,11051,,92.0,,10905.0,,54.0,,251353.0,2093.0,62056.0,1411454.0,43966.0,North America,4.0,478.0,1.0,,,1228.0
200.0,Eritrea,10189,,103.0,,10086.0,,0.0,,2782.0,28.0,23693.0,6470.0,3662244.0,Africa,359.0,35556.0,155.0,,,
201.0,Niger,9931,,312.0,,8890.0,,729.0,1.0,381.0,12.0,254538.0,9759.0,26083660.0,Africa,2626.0,83601.0,102.0,,,28.0
202.0,St. Vincent Grenadines,9631,,124.0,,9493.0,,14.0,,86337.0,1112.0,114197.0,1023720.0,111551.0,North America,12.0,900.0,1.0,,,126.0
203.0,Guinea-Bissau,9614,,177.0,,8929.0,,508.0,6.0,4659.0,86.0,145231.0,70385.0,2063367.0,Africa,215.0,11657.0,14.0,,,246.0
204.0,Comoros,9109,,161.0,,8939.0,,9.0,,10038.0,177.0,,,907419.0,Africa,100.0,5636.0,,,,10.0
205.0,Antigua and Barbuda,9106,,146.0,,8954.0,,6.0,1.0,91509.0,1467.0,18901.0,189943.0,99509.0,North America,11.0,682.0,5.0,,,60.0
206.0,Liberia,8090,,295.0,,7783.0,,12.0,2.0,1525.0,56.0,139824.0,26356.0,5305117.0,Africa,656.0,17983.0,38.0,,,2.0
207.0,Sierra Leone,7762,,126.0,,,,,,934.0,15.0,259958.0,31296.0,8306436.0,Africa,1070.0,65924.0,32.0,,,330.0
208.0,Chad,7701,,194.0,,4874.0,,2633.0,,442.0,11.0,191341.0,10988.0,17413580.0,Africa,2261.0,89761.0,91.0,,,151.0
209.0,British Virgin Islands,7305,,64.0,,,,,,238757.0,2092.0,107339.0,3508269.0,30596.0,North America,4.0,478.0,0.0,,,392.0
210.0,Cook Islands,7150,,2.0,,7147.0,,1.0,,406920.0,114.0,19690.0,1120596.0,17571.0,Australia/Oceania,2.0,8786.0,1.0,,,57.0
211.0,Turks and Caicos,6617,,39.0,,6559.0,,19.0,4.0,166503.0,981.0,613574.0,15439320.0,39741.0,North America,6.0,1019.0,0.0,,,478.0
212.0,Saint Kitts and Nevis,6607,,48.0,,6559.0,,0.0,,122645.0,891.0,126958.0,2356704.0,53871.0,North America,8.0,1122.0,0.0,,,
213.0,Sao Tome and Principe,6589,,80.0,,6509.0,,0.0,,28940.0,351.0,29036.0,127530.0,227679.0,Africa,35.0,2846.0,8.0,,,
214.0,Palau,6069,,9.0,,6023.0,,37.0,,332858.0,494.0,70015.0,3840015.0,18233.0,Australia/Oceania,3.0,2026.0,0.0,,,2029.0
215.0,St. Barth,5507,,6.0,,,,,,553746.0,603.0,78646.0,7908095.0,9945.0,North America,2.0,1658.0,0.0,,,506687.0
216.0,Nauru,5393,,1.0,,5347.0,,45.0,,494635.0,92.0,20509.0,1881042.0,10903.0,Australia/Oceania,2.0,10903.0,1.0,,,4127.0
217.0,Kiribati,5082,,24.0,,2703.0,,2355.0,3.0,41177.0,194.0,,,123419.0,Australia/Oceania,24.0,5142.0,,,,19081.0
218.0,Anguilla,3904,,12.0,,3879.0,,13.0,4.0,256336.0,788.0,51382.0,3373736.0,15230.0,North America,4.0,1269.0,0.0,,,854.0
219.0,Wallis and Futuna,3550,,8.0,,438.0,,3104.0,,323256.0,728.0,20508.0,1867419.0,10982.0,Australia/Oceania,3.0,1373.0,1.0,,,282644.0
220.0,Saint Pierre Miquelon,3452,,2.0,,2449.0,,1001.0,1.0,599410.0,347.0,25400.0,4410488.0,5759.0,North America,2.0,2880.0,0.0,,,173815.0
221.0,Tuvalu,2943,,1.0,,,,2942.0,,243909.0,83.0,,,12066.0,Australia/Oceania,4.0,12066.0,,,,243826.0
222.0,Saint Helena,2166,,,,2.0,,2164.0,,354211.0,,,,6115.0,Africa,3.0,,,,,353884.0
223.0,Falkland Islands,1930,,,,1930.0,,0.0,,545352.0,,8632.0,2439107.0,3539.0,South America,2.0,,0.0,,,
224.0,Montserrat,1403,,8.0,,1376.0,,19.0,,282578.0,1611.0,17762.0,3577442.0,4965.0,North America,4.0,621.0,0.0,,,3827.0
225.0,Niue,822,,,,822.0,,0.0,,506782.0,,,,1622.0,Australia/Oceania,2.0,,,,,
226.0,Diamond Princess,712,,13.0,,699.0,,0.0,,,,,,,,,,,,,
227.0,Tokelau,80,,,,,,80.0,,58055.0,,,,1378.0,Australia/Oceania,17.0,,,,,58055.0
228.0,Vatican City,29,,,,29.0,,0.0,,36295.0,,,,799.0,Europe,28.0,,,,,
229.0,Western Sahara,10,,1.0,,9.0,,0.0,,16.0,2.0,,,626161.0,Africa,62616.0,626161.0,,,,
230.0,MS Zaandam,9,,2.0,,7.0,,0.0,,,,,,,,,,,,,
231.0,China,503302,,5272.0,,379053.0,,118977.0,,347.0,4.0,160000000.0,110461.0,1448471400.0,Asia,2878.0,274748.0,9.0,,,82.0
,Total:,127171139,,1639074.0,,123129358.0,,2402707.0,5867.0,,,,,,North America,,,,,,
,Total:,218949334,5.0,1548115.0,,202319262.0,,15081957.0,15086.0,,,,,,Asia,,,,,,
,Total:,249716113,,2068183.0,,245872085.0,,1775845.0,5476.0,,,,,,Europe,,,,,,
,Total:,68875794,,1358694.0,,66501814.0,,1015286.0,10097.0,,,,,,South America,,,,,,
,Total:,14576931,,29622.0,,14439394.0,,107915.0,73.0,,,,,,Australia/Oceania,,,,,,
,Total:,12833768,,258815.0,,12087902.0,,487051.0,547.0,,,,,,Africa,,,,,,
,Total:,721,,15.0,,706.0,,0.0,0.0,,,,,,,,,,,,
,Total:,692123800,5.0,6902518.0,0.0,664350521.0,3420.0,20870761.0,37146.0,88793.0,885.5,,,,All,,,,,,
